69.85
75.38
77.00
69.00
76.54
83.46
80.38
73.23
69.23
78.54
72.77
76.00
72.31
74.54
75.31
77.31
77.46
75.08
71.00
72.00
73.54
72.85
76.77
75.23
74.23
75.46
73.15
68.46
69.46
68.00
79.38
72.31
76.85
68.85
74.31
73.77
85.08
80.15
79.46
75.15
73.92
76.23
72.54
79.77
78.54
70.08
74.08
73.92
72.85
74.62
74.92
75.00
74.77
79.15
71.92
74.92
74.46
77.31
76.31
73.54
74.77
76.38
76.38
81.62
80.46
76.31
65.54
82.23
76.92
73.54
77.69
83.69
75.92
74.46
76.15
75.54
77.31
71.54
69.23
70.92
73.62
75.46
64.31
77.31
73.54
71.23
74.46
78.31
74.85
75.85
75.46
77.54
74.08
72.08
75.15
72.38
76.92
77.85
76.23
77.08