20 10
70 94 97 88 70 92 85 96 51 66 94 75 85 85 71 74 82 51 55 64
60 79 62 67 99 57 79 92 78 68 95 83 99 79 73 74 83 78 71 65
96 70 90 99 81 71 60 99 60 78 85 52 71 87 99 50 56 73 78 64
76 89 91 91 96 66 96 90 69 60 90 66 61 74 97 76 98 96 50 73
88 89 98 91 75 74 63 54 73 88 87 81 58 93 75 91 83 81 57 63
64 76 52 76 92 64 68 63 79 99 66 60 96 55 62 84 94 73 61 73
78 81 93 54 85 72 93 59 53 90 87 66 89 69 95 71 61 65 79 56
50 56 92 95 74 81 82 92 86 56 56 94 69 56 58 93 97 93 76 91
66 56 67 96 70 54 93 91 59 99 74 66 88 66 94 59 58 66 78 50
91 83 68 74 67 84 86 76 82 93 88 77 82 97 71 81 86 62 91 61