50 50
63 58 52 97 87 75 59 82 88 75 66 69 72 63 84 53 97 85 85 75 95 53 78 94 73 72 90 64 73 79 72 70 59 91 67 58 87 57 75 60 92 63 82 58 93 78 89 64 79 66
84 92 59 94 92 63 87 51 56 81 73 72 84 57 59 57 73 52 89 57 68 97 57 70 77 90 62 63 90 83 58 88 57 55 92 58 74 68 87 53 82 80 59 78 92 79 90 62 55 55
82 52 97 61 97 97 64 70 79 52 72 60 78 79 69 92 77 54 92 51 81 86 60 89 99 60 88 76 86 54 61 55 72 54 84 85 51 63 98 94 50 75 73 78 73 64 74 90 99 70
79 79 90 71 99 55 62 90 70 86 89 78 54 85 85 88 50 61 94 93 96 62 63 77 57 95 58 82 98 77 64 64 72 78 95 62 60 78 94 99 52 68 81 66 59 79 55 54 73 63
68 66 59 89 92 57 87 72 93 66 82 73 91 89 73 66 50 87 69 90 56 75 56 92 58 83 96 61 67 50 80 63 54 78 80 86 71 61 98 53 94 98 80 63 97 67 63 57 61 83
69 56 70 91 51 81 50 72 96 72 64 68 50 54 50 70 88 82 54 59 76 75 85 72 88 61 50 99 56 51 81 84 73 89 87 93 78 68 76 79 57 60 53 96 79 62 91 79 50 91
51 87 85 52 96 54 96 51 70 86 98 54 54 81 61 55 62 61 51 85 57 70 98 75 71 52 62 58 94 78 79 77 72 60 78 71 59 93 60 95 97 85 89 98 92 71 92 61 54 69
95 83 54 75 56 68 66 88 66 97 87 77 58 94 71 63 79 53 76 95 75 97 66 84 59 70 61 84 62 51 67 61 61 57 86 93 94 78 61 88 72 73 63 54 98 79 80 61 82 58
91 71 76 79 74 75 60 55 84 56 55 60 94 67 52 85 98 50 91 59 83 84 57 70 81 68 62 53 85 57 54 80 76 58 91 86 53 99 92 89 78 67 74 74 73 62 50 61 59 92
74 97 52 57 75 98 77 63 62 88 57 99 98 56 52 63 97 83 60 88 54 56 70 85 55 66 76 56 80 75 67 84 72 92 72 91 95 88 98 78 75 61 83 68 62 96 59 84 69 93
98 87 98 64 98 96 93 62 61 84 73 85 85 96 86 51 68 75 61 90 91 84 67 92 91 72 98 51 88 92 92 72 53 76 52 68 58 91 82 87 68 80 94 68 87 75 56 71 84 64
76 68 71 88 62 92 62 76 95 57 70 82 54 84 61 67 96 98 64 77 90 58 80 72 89 93 55 84 60 82 51 91 60 91 99 97 61 66 97 70 50 54 96 62 53 59 83 75 63 89
79 98 99 66 84 77 89 59 55 77 97 98 70 69 50 81 85 73 90 91 69 86 65 88 88 89 87 83 59 99 79 69 77 98 80 81 91 51 88 77 95 88 74 98 99 58 69 62 93 69
57 97 56 97 70 70 89 55 75 50 50 69 87 97 91 86 65 89 74 56 84 54 77 81 86 68 72 96 53 78 75 89 73 60 94 65 98 93 78 50 61 72 58 55 86 90 94 58 94 82
85 67 55 58 56 75 71 59 91 56 64 70 56 91 83 64 67 58 57 77 51 68 63 63 60 79 93 87 51 51 63 65 86 72 96 76 96 53 98 98 87 73 56 63 83 73 56 77 55 66
93 57 55 90 93 51 85 89 70 67 65 53 87 66 52 74 90 66 50 50 62 79 82 51 57 72 51 71 96 66 51 73 98 61 74 54 61 61 54 94 51 66 51 68 57 56 54 90 50 50
62 54 90 83 80 82 71 75 51 97 82 74 53 68 59 75 92 79 82 97 58 64 96 93 61 59 95 69 73 90 60 89 50 66 85 93 69 74 86 89 83 95 51 71 98 50 56 71 70 83
74 64 64 89 90 79 56 88 95 85 60 81 84 98 88 89 57 59 59 54 63 84 65 89 74 62 87 88 68 57 81 81 91 95 92 97 95 81 90 60 58 99 93 65 70 58 62 73 61 89
85 87 89 92 63 52 93 50 86 66 50 89 97 67 98 58 94 67 63 92 66 88 70 50 85 71 77 63 84 60 62 56 61 77 67 89 57 54 89 50 89 88 96 53 70 80 80 64 67 95
72 51 80 84 61 61 84 95 52 81 90 90 88 75 87 66 56 75 55 95 55 62 70 95 59 79 71 84 99 56 75 81 87 51 99 88 64 93 57 99 67 58 93 52 55 82 67 89 55 92
76 82 65 62 57 59 84 79 86 88 75 51 86 75 98 59 79 68 63 96 57 65 85 50 99 97 60 87 71 88 92 85 57 80 77 61 54 52 90 87 74 66 83 54 72 58 59 61 61 58
89 50 79 67 68 91 80 96 57 53 57 71 99 76 88 72 92 71 91 57 54 97 82 63 96 90 55 62 61 60 62 54 83 59 55 63 99 51 69 72 56 71 81 56 77 91 73 72 86 98
55 99 82 65 88 52 71 71 99 87 72 75 89 56 80 90 94 65 58 58 79 75 62 91 56 54 54 90 97 68 61 93 66 75 89 76 64 87 74 75 65 92 69 72 87 72 71 98 84 72
77 70 55 99 98 57 57 58 74 73 83 76 70 64 51 95 91 92 61 92 68 62 65 50 99 94 73 86 90 75 63 52 80 70 78 82 97 64 86 81 93 52 86 52 60 94 62 56 54 83
55 91 86 62 55 60 89 90 75 95 77 67 98 99 65 79 80 57 99 54 53 62 71 51 94 94 70 89 81 65 99 79 66 96 57 74 60 63 70 68 87 84 59 57 62 84 71 52 71 80
89 62 77 69 98 51 78 56 73 79 64 56 99 53 58 69 93 68 53 74 94 73 85 98 54 75 56 87 71 83 70 82 77 97 54 68 63 90 77 73 65 83 95 62 57 66 54 73 63 72
87 52 90 64 74 55 68 73 68 66 55 97 54 98 75 82 95 53 98 53 98 57 56 54 64 52 66 79 99 63 97 73 57 89 71 99 86 72 85 95 90 64 76 66 99 64 68 83 90 78
78 52 78 79 60 59 55 97 60 75 97 81 87 87 90 65 61 54 56 71 55 68 84 82 94 91 54 79 75 90 75 59 86 93 78 88 92 99 58 63 58 64 76 88 89 56 82 54 69 54
96 60 66 87 94 75 97 74 70 54 70 89 93 93 69 94 85 90 76 82 54 68 93 55 76 65 98 95 65 51 62 81 52 70 64 67 91 71 68 57 87 60 72 79 77 85 96 79 78 67
85 59 97 60 60 71 59 80 85 66 54 74 99 88 73 94 77 95 80 73 60 54 76 69 62 74 66 88 72 66 99 60 61 72 92 59 63 54 95 55 53 67 57 86 96 88 87 86 78 64
89 74 82 78 66 75 90 62 71 89 93 67 77 83 63 50 81 69 90 99 51 82 55 96 78 72 60 57 88 87 59 58 63 61 71 50 82 72 79 91 53 70 62 74 88 74 80 66 52 58
60 74 91 85 57 50 63 60 56 73 52 71 54 76 72 86 89 65 63 98 75 94 53 50 60 98 98 55 80 62 72 98 80 97 52 60 94 83 79 85 58 80 75 89 54 69 92 74 61 52
60 75 76 87 60 94 95 56 76 73 58 60 95 82 65 65 73 84 95 59 60 74 91 83 70 61 88 72 89 74 50 84 57 98 88 84 94 73 66 58 90 71 85 64 68 81 66 73 68 71
89 62 53 86 90 98 87 83 53 56 65 62 88 51 65 71 90 77 54 61 91 94 57 52 82 73 86 82 86 83 65 54 79 58 97 75 70 79 59 64 62 64 50 71 59 60 74 81 68 99
92 95 77 55 57 77 78 93 78 74 56 64 89 85 61 51 90 55 84 66 54 84 56 63 50 76 86 94 99 89 74 64 55 83 98 96 74 93 53 50 75 75 63 84 75 56 70 55 96 80
69 85 99 92 93 93 71 67 80 59 75 94 61 53 94 73 79 63 50 63 87 82 51 84 54 88 81 59 51 75 97 70 96 78 56 74 85 74 72 93 74 58 53 60 84 70 92 67 60 88
50 55 81 55 66 65 51 83 63 53 88 68 84 62 95 59 68 84 87 86 62 55 90 54 56 93 60 77 64 79 74 79 78 66 74 90 53 55 86 86 63 57 53 62 66 89 86 68 54 98
60 83 54 54 79 79 71 91 67 62 91 92 92 59 79 86 96 96 90 68 63 66 97 82 87 83 54 74 69 95 68 66 74 84 81 87 60 66 60 57 83 53 56 59 57 75 51 85 77 51
80 56 80 52 71 84 77 60 85 89 65 69 95 62 64 93 78 53 85 96 75 91 59 55 62 82 86 91 95 86 88 82 85 64 60 73 76 81 95 53 67 79 60 68 72 86 95 82 59 66
50 55 91 70 55 89 95 95 65 83 53 93 61 86 69 91 62 58 96 98 77 89 78 89 83 84 88 75 59 98 96 66 74 83 55 89 55 51 98 72 67 61 51 58 68 74 56 50 94 90
76 57 77 55 51 58 68 59 62 97 64 76 67 68 74 87 60 62 93 86 96 97 51 74 79 89 50 99 92 57 67 78 97 98 74 86 80 94 98 62 98 66 83 51 73 67 99 82 97 58
96 70 61 76 99 56 85 58 77 78 62 52 92 88 71 87 97 92 80 74 71 84 88 74 76 95 55 67 96 60 82 63 64 73 71 73 53 70 61 60 87 65 52 98 65 60 84 58 95 84
71 61 73 80 89 77 97 97 95 65 76 56 52 59 51 81 70 68 64 64 80 67 62 91 58 63 82 63 99 85 66 93 51 68 92 81 60 82 89 72 98 71 58 59 80 69 69 91 98 52
80 82 72 56 82 95 83 92 66 69 85 99 82 95 94 96 89 65 61 91 96 84 56 61 75 71 92 59 75 71 97 67 94 80 70 87 89 92 76 99 58 99 57 85 69 54 80 53 71 72
85 84 57 87 54 92 53 53 93 73 52 80 74 84 97 65 93 97 93 99 95 52 99 53 74 94 85 82 71 84 91 64 78 80 78 69 54 56 97 67 98 61 82 94 90 53 92 87 70 63
99 88 60 97 75 58 64 58 74 83 52 91 89 72 78 92 57 55 94 98 62 86 55 95 51 85 63 78 88 87 73 50 73 68 87 93 91 72 93 84 73 96 98 57 68 68 99 62 52 68
80 54 87 63 94 97 56 96 60 64 90 90 72 84 96 86 65 94 84 53 54 88 94 89 67 64 93 64 96 62 71 58 64 90 99 78 96 91 97 62 96 77 70 88 67 71 89 86 92 66
91 97 60 68 61 58 88 93 54 55 93 95 62 75 75 69 73 76 61 70 56 80 96 55 77 98 52 72 60 78 80 81 56 62 54 82 74 52 60 86 85 85 67 82 76 87 62 61 95 58
76 95 74 53 59 69 53 54 50 93 52 86 64 64 68 93 66 67 51 92 71 99 57 99 68 77 91 95 60 55 54 84 79 58 78 82 86 87 51 63 94 52 88 85 60 72 62 64 95 80
51 82 59 66 62 83 86 98 77 88 96 85 51 91 75 52 99 89 90 64 81 52 88 65 79 85 90 73 60 89 95 75 98 71 73 90 69 93 78 84 76 98 69 62 79 53 81 58 67 92