1
3
1
3
5
7
9
11
13
1
3
5
7
9
0
2
4
6
8
10
12
14
1
3
5
7
9
1
3
5
7
9
11
13
15
17
0
2
4
6
8
10
12
14
0
2
4
6
8
1
3
5
7
9
1
0
2
4
6
8
1
3
5
7
9
11
13
15
17
1
3
5
7
9
11
13
15
0
2
0
2
4
6
8
0
2
4
6
8
10
12
14
1
3
5
7
9
11
1
3
1
0
2
4
6
8
10
12
0
2
4
6
8
10
12
1
3
5
7
9
11
13
1
3
5
7
9
11
13
15
0
1
3
5
7
9
11
13
1
3
5
7
9
11
0
2
1
3
0
1
3
5
7
9
11
13
15
17
1
3
5
7
9
1
3
5
7
9
11
1
3
5
7
9
11
13
0
1
3
0
2
4
6
8
10
12
14
0
2
4
1
0
2
4
6
8
10
12
14
16
1
3
5
7
9
0
2
4
6
8
10
12
0
2
4
0
2
4
6
8
10
12
14
0
2
4
6
8
10
12
14
1
3
5
7
9
11
13
15
17
1
3
0
2
4
6
8
10
12
1
3
5
7
9
0
2
4
1
3
5
7
9
11
13
15
17
19
0
0
2
4
6
1
3
5
7
0
2
4
6
8
10
12
0
2
0
2
4
6
8
10
12
14
16
0
2
4
6
0
2
4
6
8
10
12
14
0
2
4
6
8
10
12
14
16
0
2
4
6
8
1
3
5
7
9
11
13
1
3
5
7
9
11
13
15
17
19
0
2
4
1
3
5
7
0
2
4
0
2
4
6
8
10
12
14
16
1
3
0
2
4
6
8
10
12
14
0
2
4
6
8
10
12
14
16
18
0
2
4
6
8
1
3
5
7
9
11
13
15
0
2
4
6
0
2
1
3
5
7
9
11
1
3
5
7
9
11
13
15
17
0
2
4
6
8
10
1
1
0
2
0
2
4
6
8
10
12
1
3
5
7
9
11
13
15
17
0
2
4
0
2
4
6
8
10
12
0
2
4
6
1
3
5
1
3
5
7
0
2
4
6
8
10
1
1
3
5
7
9
0
2
4
6
8
10
1
3
5
7
9
1
1
3
5
7
9
1
3
5
7
9
1
3
5
7
9
11
13
15
1
3
5
7
9
11
13
15
1
3
5
7
9
11
13
15
17
19
1
1
3
5
7
9
0
2
4
6
8
10
12
14
16
